135
73
168
6
114
2
65
143
125
44
33
32
199
112
165
183
154
127
126
39
19
156
7
152
143
191
173
78
2
34
140
20
171
49
94
14
52
35
182
201
32
38
63
99
87
193
165
128
129
168
11
72
155
3
96
71
159
174
72
131
168
199
197
17
196
5
174
108
28
124
167
41
35
36
84
118
57
177
115
153
187
198
37
44
32
171
153
13
178
109
70
12
175
44
2
62
12
160
59
71
85
172
73
172
27
69
79
126
138
156
4
35
118
135
66
134
106
102
99
127
148
0
138
5
152
70
165
183
160
71
53
90
21
83
15
100
188
164
83
56
56
182
190
155
159
15
110
147
108
160
73
71
49
36
18
136
119
8
130
15
172
32
143
145
79
59
123
189
18
188
28
47
28
74
171
60
11
113
195
77
187
127
153
17
157
171
50
115
183
15
69
91
180
30
189
152
16
48
123
155